,2021-1,2021-2,2021-3,2021-4,2021-5,2021-6,2021-7,2021-8,2021-9,2021-10,2021-11,2021-12,2020-1,2020-2,2020-3,2020-4,2020-5,2020-6,2020-7,2020-8,2020-9,2020-10,2020-11,2020-12,msa
0,743672.0,740895.0,871631.0,880687.0,936439.0,917019.0,952210.0,958015.0,939805.0,987819.0,968681.0,663570.0,0.0,0.0,1857.0,177329.0,456806.0,530919.0,617186.0,607207.0,587548.0,611364.0,602503.0,663570.0,1
1,493495.0,635599.0,834638.0,852935.0,903364.0,886195.0,921240.0,933896.0,931983.0,989618.0,976504.0,321909.0,0.0,0.0,291.0,15579.0,57948.0,94844.0,137571.0,188040.0,220892.0,255016.0,265600.0,321909.0,2
2,437864.0,438498.0,508133.0,505533.0,539228.0,536090.0,559555.0,564991.0,560115.0,595766.0,590479.0,361660.0,0.0,0.0,417.0,31447.0,119004.0,180003.0,211037.0,222935.0,225106.0,244749.0,273596.0,361660.0,3
3,290483.0,300662.0,358900.0,362573.0,393025.0,391740.0,407559.0,412443.0,406958.0,433278.0,432530.0,238054.0,0.0,0.0,160.0,22394.0,104414.0,149773.0,175722.0,184898.0,184530.0,197377.0,199746.0,238054.0,4
4,187777.0,231463.0,300845.0,310981.0,330193.0,325728.0,341595.0,352405.0,374498.0,435352.0,451356.0,131276.0,0.0,0.0,115.0,3340.0,11615.0,18514.0,30216.0,53045.0,67716.0,80986.0,95054.0,131276.0,5
5,241496.0,237038.0,272320.0,279430.0,319713.0,325696.0,341562.0,344833.0,341167.0,364982.0,369452.0,207404.0,0.0,0.0,840.0,50360.0,120641.0,141346.0,152857.0,157025.0,157907.0,168935.0,172878.0,207404.0,6
6,167584.0,173454.0,217020.0,219156.0,235086.0,236159.0,246313.0,248387.0,245487.0,262501.0,261049.0,143887.0,0.0,0.0,108.0,11859.0,59425.0,88153.0,103948.0,110533.0,113174.0,122947.0,125253.0,143887.0,7
7,264478.0,273137.0,334241.0,345063.0,376155.0,372967.0,385454.0,385454.0,433491.0,535772.0,543795.0,234606.0,0.0,0.0,153.0,11092.0,33391.0,48850.0,73926.0,124230.0,163803.0,200290.0,208644.0,234606.0,8
8,276705.0,282134.0,336090.0,338689.0,356246.0,348372.0,361701.0,363762.0,355876.0,374275.0,369299.0,240400.0,0.0,0.0,204.0,30456.0,124225.0,161172.0,181317.0,190507.0,192103.0,207637.0,212937.0,240400.0,9
9,162105.0,183675.0,237517.0,251537.0,273350.0,273198.0,288916.0,302372.0,335230.0,395532.0,408149.0,134514.0,0.0,0.0,38.0,2804.0,8962.0,13190.0,25721.0,73184.0,97156.0,112284.0,117305.0,134514.0,10
10,59704.0,76870.0,101213.0,106109.0,116953.0,105198.0,107716.0,110119.0,110570.0,119956.0,121516.0,42075.0,0.0,0.0,149.0,3052.0,7222.0,9843.0,14092.0,20168.0,26464.0,33535.0,35728.0,42075.0,11
11,210817.0,255944.0,318233.0,318625.0,336233.0,332457.0,349834.0,357833.0,363013.0,400266.0,409036.0,149700.0,0.0,0.0,42.0,2243.0,10169.0,18982.0,44890.0,84640.0,101934.0,115034.0,121415.0,149700.0,12
12,155054.0,185477.0,239967.0,252022.0,273810.0,274874.0,288715.0,294936.0,308028.0,356146.0,370601.0,127302.0,0.0,0.0,350.0,8166.0,23254.0,37190.0,47829.0,66801.0,83334.0,97102.0,107610.0,127302.0,13
13,62220.0,65819.0,79858.0,80517.0,86652.0,86113.0,91451.0,93915.0,97593.0,109157.0,112772.0,50238.0,0.0,1.0,2120.0,12683.0,22033.0,25234.0,29353.0,33518.0,35829.0,39736.0,42359.0,50238.0,14
14,111464.0,109844.0,127815.0,128457.0,138834.0,138373.0,145332.0,147290.0,146208.0,157945.0,161838.0,89724.0,0.0,0.0,35.0,2970.0,18741.0,33457.0,40598.0,45035.0,48175.0,54619.0,64238.0,89724.0,15
15,127041.0,164991.0,241398.0,270117.0,288615.0,283334.0,304098.0,309843.0,309837.0,332369.0,335971.0,91928.0,0.0,0.0,124.0,3443.0,12317.0,18720.0,27855.0,45491.0,59119.0,70762.0,74523.0,91928.0,16
16,115540.0,123824.0,151467.0,152682.0,163654.0,163501.0,171748.0,176039.0,177560.0,191948.0,194311.0,89100.0,0.0,0.0,49.0,4439.0,19196.0,29539.0,35590.0,40737.0,46144.0,55178.0,62851.0,89100.0,17
17,96556.0,105438.0,129311.0,131813.0,144220.0,143592.0,148397.0,148397.0,179791.0,239557.0,247765.0,79259.0,0.0,0.0,49.0,1095.0,4101.0,7187.0,17672.0,37582.0,48158.0,58854.0,65152.0,79259.0,18
18,86911.0,100430.0,119516.0,121323.0,131319.0,130590.0,136420.0,137928.0,138397.0,155076.0,163879.0,49806.0,0.0,0.0,30.0,2680.0,8219.0,9500.0,11151.0,14671.0,17896.0,21689.0,27086.0,49806.0,19
19,87381.0,91324.0,109101.0,112462.0,125341.0,132581.0,138832.0,140431.0,139943.0,150768.0,150878.0,70569.0,0.0,0.0,32.0,4995.0,22293.0,35032.0,43119.0,48616.0,50306.0,54644.0,56881.0,70569.0,20
20,89120.0,86248.0,98500.0,98787.0,106943.0,106703.0,112461.0,114299.0,114567.0,124875.0,129127.0,73376.0,0.0,0.0,80.0,6574.0,23414.0,33349.0,37652.0,40269.0,40944.0,45735.0,51736.0,73376.0,21
21,63984.0,84253.0,107039.0,109232.0,115774.0,113081.0,117380.0,118782.0,119285.0,128554.0,128520.0,38017.0,0.0,0.0,41.0,1995.0,7094.0,9876.0,14303.0,19388.0,22277.0,26143.0,28238.0,38017.0,22
22,48904.0,66408.0,95710.0,98689.0,105570.0,105498.0,110992.0,112288.0,110920.0,120768.0,125124.0,36941.0,0.0,0.0,42.0,2392.0,8490.0,13557.0,18039.0,22557.0,25366.0,28256.0,29436.0,36941.0,23
23,37335.0,54552.0,82431.0,87345.0,94132.0,93632.0,97934.0,99645.0,101461.0,114856.0,121051.0,30263.0,0.0,0.0,27.0,2040.0,6970.0,10621.0,13092.0,16547.0,18800.0,22648.0,24285.0,30263.0,24
24,44074.0,47996.0,58672.0,60285.0,66734.0,66418.0,70075.0,73938.0,78663.0,88130.0,92907.0,32880.0,0.0,0.0,66.0,2083.0,4823.0,6197.0,8504.0,10824.0,13075.0,17919.0,23977.0,32880.0,25
25,30167.0,33022.0,40452.0,40938.0,44218.0,45275.0,47918.0,49192.0,50991.0,59380.0,66409.0,22516.0,0.0,0.0,142.0,1623.0,3364.0,4195.0,5333.0,7733.0,9714.0,11777.0,14666.0,22516.0,26
26,62538.0,73293.0,90344.0,91233.0,97386.0,96514.0,100870.0,103856.0,111076.0,130018.0,133411.0,45033.0,0.0,0.0,15.0,1396.0,4641.0,7496.0,11032.0,17696.0,23543.0,29894.0,34949.0,45033.0,27
27,43762.0,52075.0,64852.0,66946.0,71404.0,70560.0,74232.0,77193.0,83040.0,95299.0,97707.0,28528.0,0.0,0.0,115.0,1261.0,2565.0,2908.0,4228.0,8730.0,13810.0,17958.0,20077.0,28528.0,28
28,35265.0,46301.0,66422.0,67710.0,72486.0,72316.0,76005.0,76718.0,76772.0,87109.0,92803.0,32051.0,0.0,0.0,21.0,1237.0,6932.0,12876.0,17704.0,22081.0,23798.0,26909.0,27455.0,32051.0,29
29,79864.0,96375.0,125234.0,130426.0,139011.0,137158.0,143717.0,150433.0,168359.0,196703.0,200693.0,62303.0,0.0,0.0,44.0,1132.0,2311.0,3206.0,9743.0,33875.0,45459.0,52550.0,53952.0,62303.0,30
30,87297.0,101513.0,124193.0,126128.0,135095.0,133535.0,141771.0,153638.0,162542.0,180556.0,182460.0,63956.0,0.0,0.0,112.0,3387.0,8893.0,11464.0,16232.0,28364.0,38513.0,45242.0,49014.0,63956.0,31
31,52214.0,54800.0,63884.0,63775.0,68623.0,69611.0,73708.0,75170.0,75447.0,81513.0,82926.0,40891.0,0.0,0.0,97.0,3746.0,8820.0,12424.0,15073.0,17842.0,19434.0,22551.0,27991.0,40891.0,32
32,88502.0,99434.0,117384.0,116063.0,121963.0,119905.0,125403.0,127755.0,130288.0,144321.0,146548.0,67930.0,0.0,0.0,180.0,9463.0,28731.0,37002.0,41298.0,43435.0,43831.0,47578.0,52199.0,67930.0,33
33,96994.0,103213.0,127678.0,128745.0,136374.0,133559.0,138785.0,139627.0,137654.0,145702.0,143591.0,76019.0,0.0,0.0,7.0,3241.0,22390.0,38904.0,48648.0,51174.0,52143.0,57562.0,61147.0,76019.0,34
34,29383.0,35539.0,57507.0,61005.0,66411.0,66130.0,69493.0,70633.0,72892.0,83700.0,86486.0,22955.0,0.0,0.0,63.0,821.0,3295.0,4420.0,6367.0,9509.0,13587.0,18484.0,19521.0,22955.0,35
35,33937.0,47581.0,59991.0,62076.0,67127.0,67211.0,67073.0,61085.0,56818.0,60694.0,59616.0,18432.0,0.0,0.0,272.0,2157.0,4192.0,4600.0,5478.0,6851.0,8867.0,11918.0,13904.0,18432.0,36
36,65928.0,66430.0,77214.0,76251.0,79830.0,78011.0,81424.0,87057.0,93899.0,103524.0,102385.0,59177.0,0.0,0.0,903.0,20113.0,37683.0,40654.0,44542.0,47730.0,49034.0,52490.0,53748.0,59177.0,37
37,27174.0,32995.0,43479.0,57907.0,66079.0,67967.0,70892.0,72521.0,75098.0,90968.0,99164.0,20031.0,0.0,0.0,55.0,1255.0,2840.0,3536.0,4209.0,6521.0,8526.0,11059.0,13995.0,20031.0,38
38,58271.0,67630.0,81379.0,82292.0,87498.0,86018.0,89789.0,92411.0,96695.0,108466.0,110284.0,42471.0,0.0,0.0,24.0,1725.0,3968.0,6280.0,10185.0,15082.0,19222.0,24490.0,29487.0,42471.0,39
39,35568.0,42339.0,54113.0,55680.0,59427.0,59059.0,61943.0,65387.0,73231.0,85541.0,87273.0,27740.0,0.0,0.0,10.0,773.0,2967.0,4401.0,9128.0,16436.0,20005.0,22699.0,23856.0,27740.0,40
40,48912.0,51433.0,60523.0,60932.0,66148.0,65343.0,67801.0,68333.0,67622.0,72264.0,72477.0,35592.0,0.0,0.0,36.0,3539.0,13816.0,19015.0,20937.0,21409.0,21178.0,22641.0,24247.0,35592.0,41
41,36424.0,40894.0,51916.0,56043.0,61514.0,63382.0,66361.0,67903.0,70562.0,78813.0,81710.0,28699.0,0.0,0.0,37.0,2220.0,6962.0,9761.0,11855.0,13832.0,15624.0,18122.0,21503.0,28699.0,42
42,74483.0,75819.0,88082.0,87095.0,91892.0,89759.0,93039.0,93452.0,92124.0,97880.0,96052.0,63130.0,0.0,0.0,67.0,9829.0,36884.0,46582.0,51088.0,51954.0,50682.0,53137.0,54268.0,63130.0,43
44,30601.0,35123.0,41103.0,40726.0,43444.0,43257.0,44967.0,45197.0,44834.0,48199.0,49048.0,17335.0,0.0,0.0,33.0,1670.0,6035.0,9415.0,10592.0,10903.0,10696.0,11125.0,11360.0,17335.0,45
45,57658.0,65825.0,82156.0,84103.0,91253.0,90521.0,93558.0,93558.0,113877.0,151061.0,156788.0,47516.0,0.0,0.0,36.0,989.0,2361.0,3007.0,6963.0,20393.0,27082.0,35474.0,39945.0,47516.0,46
46,27038.0,28340.0,33388.0,33725.0,36047.0,35816.0,37413.0,37835.0,37829.0,41659.0,42215.0,21007.0,0.0,0.0,5.0,299.0,975.0,2550.0,4268.0,5971.0,7448.0,9651.0,12900.0,21007.0,47
48,26807.0,29924.0,51411.0,54243.0,58980.0,58932.0,61966.0,62643.0,63407.0,71084.0,72618.0,22133.0,0.0,0.0,20.0,2171.0,6179.0,8035.0,11027.0,13185.0,14519.0,17205.0,18788.0,22133.0,49
49,39810.0,46485.0,60172.0,61909.0,67851.0,67345.0,69595.0,69595.0,93453.0,128895.0,130973.0,32729.0,0.0,0.0,86.0,856.0,2060.0,3047.0,4994.0,10427.0,15628.0,23057.0,25911.0,32729.0,50
50,17096.0,21246.0,25332.0,25381.0,27011.0,26640.0,27683.0,28075.0,28191.0,30816.0,31959.0,10513.0,0.0,0.0,7.0,1467.0,5457.0,6748.0,7471.0,6881.0,6814.0,7195.0,7655.0,10513.0,51
51,24789.0,29511.0,37897.0,47348.0,53188.0,54307.0,57116.0,59497.0,65945.0,79011.0,83650.0,17305.0,0.0,0.0,41.0,1193.0,2424.0,3068.0,4048.0,6105.0,8012.0,10193.0,12414.0,17305.0,52
52,55818.0,59244.0,70649.0,70937.0,74546.0,73109.0,75862.0,76461.0,75440.0,80565.0,80080.0,44477.0,0.0,0.0,39.0,3007.0,17002.0,26457.0,30285.0,32048.0,32830.0,35925.0,37321.0,44477.0,53
53,19728.0,20996.0,25926.0,26325.0,28368.0,28287.0,30205.0,31642.0,32727.0,36622.0,38245.0,15351.0,0.0,0.0,0.0,369.0,1675.0,2811.0,4289.0,6494.0,7317.0,8877.0,10910.0,15351.0,54
55,43527.0,57157.0,71282.0,71271.0,74565.0,72525.0,75847.0,76723.0,76981.0,83239.0,84524.0,26430.0,0.0,0.0,27.0,1292.0,4559.0,6901.0,11079.0,16156.0,18166.0,19614.0,20041.0,26430.0,56
61,28344.0,30913.0,37543.0,37610.0,40093.0,39869.0,41861.0,42648.0,43088.0,47222.0,48086.0,18882.0,0.0,0.0,9.0,759.0,2485.0,3299.0,4160.0,5533.0,6362.0,7330.0,10442.0,18882.0,62
62,17452.0,20228.0,26084.0,28996.0,31057.0,30683.0,32115.0,33069.0,34436.0,38963.0,39129.0,13996.0,0.0,0.0,5.0,540.0,2050.0,2683.0,4433.0,7779.0,9258.0,11051.0,11573.0,13996.0,63
