,2021-1,2021-2,2021-3,2021-4,2021-5,2021-6,2021-7,2021-8,2021-9,2021-10,2021-11,2021-12,2020-1,2020-2,2020-3,2020-4,2020-5,2020-6,2020-7,2020-8,2020-9,2020-10,2020-11,2020-12,msa
0,25338556,28149607,35436389,38713475,41677890,40689598,42387297,43812981,44682277,48180280,48229938,17367402,0,0,239545,4263739,7557269,8055337,8693627,9059224,9160478,10250015,11996230,17367402,1
1,37007850,39753513,45700785,44894070,46797397,45610403,47917927,51193298,52491051,55807903,55308911,21427476,13,58,19378,405422,1305790,2576386,5371113,8131768,9266839,10741862,12462775,21427476,2
2,23899044,23596189,27329014,28186801,30771565,30322563,31584073,32657982,33447029,36180286,36712859,19735728,10,59,32461,777370,2688005,3778796,4579824,5634459,6548482,8283029,13033688,19735728,3
3,11440378,12125270,14715012,16073407,17868267,17581327,18308601,18973660,19635124,21639760,22139445,8207416,0,0,17783,589191,1591346,2039372,2448854,2866165,3139862,3758760,4963641,8207416,4
4,18454270,20526189,24271842,24214901,25613534,25105399,26414334,28521642,31293276,35081763,35091700,12473878,0,0,7358,132425,437925,865537,2263917,4023918,4945001,6256098,8082719,12473878,5
5,7242051,7119221,8655520,10929706,12991784,12875084,13400876,13798091,14128337,15784396,16958628,6059886,0,0,33074,644408,1060450,1254048,1498386,1848702,2109913,2555342,3767708,6059886,6
6,9983152,10771154,12854511,13341242,14353456,14042257,14630179,15260794,15914676,17493263,17614324,7352675,0,0,11089,363834,1454919,2332492,2853533,3420087,3821358,4464517,5198952,7352675,7
7,18355942,19390130,23570205,24903834,27341854,26712429,28566165,32792067,35762911,38522191,37819561,14325695,0,0,19770,394665,802483,1307109,4203111,7628196,8528388,9535589,10805427,14325695,8
8,9526348,10338852,12428633,13162876,14245903,13935888,14483158,14950109,15308024,16677822,17097977,6408979,0,29,25322,745342,1924622,2314476,2547654,2766692,2718723,3188522,3981332,6408979,9
9,12980466,14359421,17427598,17819644,19069823,18783661,19794612,22346172,25277650,28087702,27863089,9603385,0,0,5846,168836,409886,817964,2281048,4087369,5270476,6610317,7321571,9603385,10
10,5734384,6215435,7262720,7274932,7743794,7618066,8223944,9219497,9889780,10683034,10674631,3721476,0,66,11289,107570,236294,398614,838259,1447207,1854133,2171113,2449719,3721476,11
11,13809315,15161641,17589661,17425309,18494555,18266125,19335817,20796717,22087886,24477129,25453327,8971297,6,29,4474,75108,234479,780676,2893901,4252338,4455175,4976394,5817971,8971297,12
12,12742681,14170606,17103042,17445169,18697087,18348886,19270469,21048635,23356798,25843546,25660776,8722850,0,0,13814,235917,563895,881448,1928935,3423313,4165286,5253421,6219548,8722850,13
13,4026647,4153638,4932791,5281799,6100606,6216222,6626420,7389226,8312058,9592827,10047792,3041069,11,36,37314,229258,383639,453346,666326,953701,1106815,1371699,1886322,3041069,14
14,8537413,8264330,9676744,10363834,11612457,11464587,11938332,12353528,12802970,14460309,15716112,7312816,0,0,3205,40858,284870,611077,932772,1411169,1802523,2464484,4325572,7312816,15
15,14826454,15855919,18020688,17720877,18502984,18014731,19041836,20240294,20969774,22507566,22499546,8501225,0,0,2519,98167,287934,602096,1564688,2680191,3225508,3821041,4614790,8501225,16
16,7107082,7237488,8458994,8563521,9162357,9012130,9593931,10390928,10931281,11971935,12085591,5509820,0,0,3886,112139,265832,369653,640569,1221976,1692089,2289344,3484743,5509820,17
17,5544040,5937166,7211717,7687640,8569269,8451193,9115648,11211056,13430299,14829742,14595898,4062530,0,0,3217,47399,94753,266133,1196825,1923382,2179191,2560183,2992937,4062530,18
18,4062575,4263281,5145077,5606123,6261952,6188374,6435995,6657989,7072136,8219208,8923380,2627027,0,0,2776,50029,93879,116597,275766,459184,555238,740121,1182540,2627027,19
19,4321674,4485532,5355160,5827668,6456246,6337708,6588427,6798446,6966637,7623087,7701488,3301974,0,0,3982,134069,434988,691983,944312,1333953,1546868,1833396,2269955,3301974,20
20,6042643,6050226,7200492,7620900,8585245,8594198,9059048,9476654,9865352,11002400,11780272,4873210,0,0,9007,152760,411987,560848,748584,988415,1135253,1569280,2880180,4873210,21
21,6358933,7046729,8243681,8217917,8638480,8442542,9384398,10275693,10883911,11804051,12001832,3612609,0,20,4747,63537,176630,304368,683843,1068211,1298885,1611218,2003139,3612609,22
22,4011622,4204253,4966565,5148491,5614969,5546057,5782655,6004229,6395988,7302960,7747773,2807266,0,0,4679,57401,140881,220055,399742,584548,678416,814101,1353181,2807266,23
23,5055801,5449547,6420125,6449265,6844467,6705197,7011633,7374989,8098623,9280728,9543265,3557755,0,0,1576,40649,131973,223265,432205,650389,837688,1154550,1908207,3557755,24
24,3734644,3832069,4686386,4714517,4984249,4913717,5275992,5883125,6313135,6935281,7035077,2860496,0,0,2119,36419,109406,170545,362659,655073,898247,1241132,1832483,2860496,25
25,2411595,2469744,2883474,3015651,3476886,3546928,3766358,4139677,4692651,5424822,5683956,1813933,0,2,3142,37072,72443,116265,248205,407797,509510,679930,1027836,1813933,26
26,5718435,6425999,7736851,7974134,8668769,8536573,8970522,9829017,11051639,12460288,12524691,3867138,0,0,3621,59309,148440,370525,892412,1378336,1670273,2101634,2601936,3867138,27
27,3470302,3660663,4287866,4367232,4704378,4660972,5092433,5772858,6553107,7251861,7383393,2257882,0,17,2575,31299,51278,85265,286215,591521,830553,1010859,1268499,2257882,28
28,4783139,4950988,5785351,5914214,6344215,6229464,6493323,6751358,7287430,8347125,8608156,3450574,0,0,2128,67751,223866,330438,567975,850957,1056366,1349235,1962215,3450574,29
29,5383121,6309476,7527570,7655546,8254929,8154296,8667042,9879580,10983246,12082371,11998346,3633495,0,91,1592,29930,76184,198958,919021,1565001,1789824,2266871,2519504,3633495,30
30,6090295,6207935,7166591,7176673,7693677,7652270,8333938,9086437,9379495,10326024,10409074,4515743,0,0,4788,77641,165400,288290,854844,1614627,1897087,2301775,2927998,4515743,31
31,4991734,4850253,5537283,5568268,5923596,5788213,6031512,6378007,6694060,7538732,7801040,4202977,0,0,5858,68063,178952,333800,567183,892656,1140535,1669845,2792294,4202977,32
32,5317173,5390223,6199696,6249405,6728166,6665516,6988228,7424820,8128213,9068815,9240337,3841494,0,0,6573,161502,400941,513665,641662,876906,1066152,1360942,2102252,3841494,33
33,4162742,4562555,5479214,5768550,6315429,6210640,6456068,6656611,6841328,7522895,7660476,2823247,0,0,2591,145934,504983,663186,764751,869526,924155,1114692,1582085,2823247,34
34,2541199,3075226,3788492,3960203,4273969,4196697,4391450,4725762,5233683,5922749,5967402,1635458,0,0,1676,33555,84507,135314,326049,669180,827660,995921,1153466,1635458,35
35,2910470,3155449,3678954,3677814,3878228,3780508,3946746,4197004,4389674,4709941,4717712,1681793,1,60,7441,51639,77914,105085,234014,461346,628541,759733,917903,1681793,36
36,2885538,3060467,3566514,3529608,3725216,3672586,3990481,5004257,5456360,5823009,5730142,2129929,0,0,21155,386965,548362,616690,869716,1157696,1260745,1410693,1544409,2129929,37
37,3664387,3884150,4520091,4508824,4766562,4654932,4863903,5228392,5765773,6447686,6483807,2650363,0,0,1519,26921,56352,87901,267242,541341,752553,1120248,1624080,2650363,38
38,6179472,6307975,7402432,7535699,8022253,7846018,8195973,8844992,9947354,11071730,11005872,4510786,0,0,6479,92528,264465,433547,954409,1500636,1755087,2193748,2893072,4510786,39
39,3450762,4001058,4720654,4779891,5123961,5031644,5334041,6086176,6896752,7676184,7657445,2402226,0,0,1997,37400,103099,246266,796749,1212967,1359272,1547235,1749027,2402226,40
40,1911419,2135283,2634790,2966193,3343763,3287373,3413796,3504650,3586570,3994745,4294590,1252250,0,0,2695,62956,174260,238402,287249,331692,373344,443801,637571,1252250,41
41,3022166,3238435,3812489,3835240,4097806,4013800,4194897,4558815,5152449,5900328,6014661,2231483,0,0,1321,34067,95686,153710,242635,458399,677262,949395,1410436,2231483,42
42,2177226,2377914,2848458,3004160,3266438,3202888,3337400,3470648,3544331,3815787,3828201,1469749,0,0,2586,102957,304736,397938,444616,479018,506743,609919,849986,1469749,43
44,1718444,1875382,2245899,2404235,2731356,2727727,2838716,2936137,3061985,3465799,3766205,981206,0,0,2084,33102,84463,125376,164447,195303,213194,259299,417490,981206,45
45,5020014,5429777,6553456,6966744,7762261,7643431,8330364,10136550,11648268,12759053,12562048,3627643,0,0,3320,55102,91241,213917,1040458,1740244,1979086,2306166,2683647,3627643,46
46,2873998,2830028,3274504,3366674,3597112,3495749,3640518,3777516,3939836,4359620,4490663,2369492,0,151,1510,12396,89307,226255,352494,515938,635977,920017,1507001,2369492,47
48,1869316,2237530,2758726,2892088,3132359,3074332,3223661,3456043,3805218,4318851,4389409,1262215,0,0,825,35917,116901,239980,349686,482002,597763,746668,896933,1262215,49
49,3472269,3702515,4330034,4383617,4743686,4653467,5217333,6588351,7362463,7994795,7829103,2444187,0,0,1930,34057,59677,113475,601247,1052900,1248023,1497946,1749949,2444187,50
50,1224047,1436168,1750243,1862577,2022403,1985423,2064761,2167323,2285778,2592647,2782424,609501,0,0,4092,37406,94830,115432,140010,167951,186792,223515,295752,609501,51
51,2597480,2834260,3295462,3253386,3425553,3359555,3562719,3963871,4405438,4933467,4974513,1827506,0,0,785,18876,37791,76493,233636,471154,633350,867946,1168633,1827506,52
52,1830975,2006444,2399110,2503129,2704495,2645972,2751269,2835401,2947707,3295480,3420898,1171089,0,0,2264,82862,282032,373612,416397,450319,445204,517495,678379,1171089,53
53,3902097,3957071,4592644,4588513,4867381,4795310,5086523,5363008,5594920,6216252,6506663,3074912,0,5,2547,42595,120806,241548,494554,692895,840564,1273221,2023836,3074912,54
55,2721549,2981678,3449950,3419982,3596057,3514794,3682108,3830734,3946206,4330441,4563228,1706150,0,0,1021,22392,54956,138281,387350,594966,701862,832235,1004897,1706150,56
61,1900613,1921619,2234829,2250199,2409305,2376693,2494990,2649067,2788738,3115025,3345721,1449274,0,0,1070,22821,54516,76272,145347,219746,243979,352143,712389,1449274,62
62,2284011,2622026,3175064,3310204,3615297,3572389,3754372,4157164,4700285,5263658,5301538,1530239,0,0,1437,19674,49937,134320,339819,536200,662693,818383,1014973,1530239,63
